1 30 50 91 141
c 42 375 42 5 3
c 437 529 439 24 5
f 1 588 194 599
f 106 555 189 592
f 0 463 250 517
f 228 578 299 594
f 228 590 799 599
f 252 556 374 591
f 288 534 430 591
f 226 495 267 517
f 303 186 430 583
f 44 406 312 432
f 75 359 318 412
f 103 319 322 370
f 132 285 336 335
f 166 250 332 306
f 195 223 338 260
f 244 202 361 240
f 417 312 417 312
f 390 315 744 432
f 495 502 798 535
p 86 586 109 592
p 314 191 315 192
p 720 498 745 508
p 550 311 579 321
p 551 499 576 512
m 782 572
i 4 569
stop
c -2 59 707 52 10
c 711 96 -3 111 10
c 6 150 707 139 10
c -2 292 759 280 10
c 237 325 10 348 10
c 743 449 264 450 10
f 0 34 74 53
f 0 50 8 599
f 789 1 798 598
f 256 529 480 550
f 98 220 262 267
f 22 427 233 543
f 245 438 615 453
f 508 499 776 519
p 3 581 795 596
p 261 223 790 233
p 227 440 238 545
m 255 509
i 2 11
stop
f 736 582 795 591
f 674 545 717 555
f 604 581 651 588
f 506 546 567 559
f 410 575 471 586
f 323 548 388 564
f 245 575 301 586
f 160 546 215 560
f 71 519 130 532
f 6 486 54 501
f 84 452 151 463
f 170 425 240 436
f 254 399 331 412
f 347 423 419 439
f 431 399 511 413
f 519 371 623 385
f 630 353 723 366
f 720 332 799 344
f 587 310 697 320
f 521 284 568 306
f 441 265 496 281
f 396 250 423 268
f 357 229 374 253
f 316 209 331 234
f 10 45 57 76
f 72 69 106 93
f 115 88 115 88
f 126 97 134 106
f 146 116 159 143
f 181 146 214 190
f 235 176 254 219
f 268 191 268 191
f 277 200 296 235
p 122 565 143 591
p 343 544 355 555
p 780 326 799 333
p 1 460 13 490
p 5 169 195 358
m 12 19
i 779 560
stop
f 0 590 799 599
f 0 0 7 592
f 0 1 793 12
f 780 1 792 554
f 791 553 791 553
f 62 41 71 552
f 62 41 744 53
f 124 479 740 494
f 198 411 677 428
f 198 162 210 425
f 198 157 599 163
f 4 572 21 591
f 4 459 17 485
f 42 406 80 425
f 107 460 152 478
f 111 349 153 365
f 181 401 223 428
f 1 345 25 387
f 111 266 156 277
f 44 299 85 319
f 2 254 15 273
f 48 226 86 236
f 1 186 13 207
f 183 306 227 320
f 107 180 152 195
f 177 224 239 242
f 111 115 151 130
f 45 148 84 170
f 2 118 19 134
f 42 83 82 97
f 2 52 24 68
f 12 371 29 377
f 63 541 790 553
f 43 520 76 548
f 56 468 76 473
f 113 468 120 473
f 98 493 110 499
f 98 380 114 383
f 167 425 185 436
f 145 364 161 373
f 191 164 213 170
f 125 95 677 103
p 729 42 742 479
p 125 103 133 492
p 273 488 645 503
p 112 551 746 556
p 662 99 678 428
m 213 358
i 779 567
stop
p 23 41 33 516
p 23 42 150 51
p 126 44 150 143
p 26 125 147 143
p 82 187 97 498
p 86 213 190 230
p 171 221 190 242
p 210 220 225 495
p 211 477 288 494
p 270 222 287 492
p 210 221 283 233
p 297 225 324 249
p 312 243 336 282
p 328 271 356 337
p 411 508 411 508
p 351 324 375 379
p 367 369 391 421
p 384 415 410 479
p 403 472 429 511
p 357 372 358 372
p 339 373 356 420
p 328 417 343 472
p 332 466 332 466
p 310 468 333 500
p 370 276 390 331
p 384 243 401 279
p 395 227 418 254
p 451 294 475 506
p 448 246 448 246
p 449 243 469 260
p 493 498 493 498
p 490 503 490 503
p 488 239 512 504
p 494 273 598 291
p 580 278 597 506
p 530 285 530 285
p 534 286 559 344
p 614 249 627 502
p 614 249 663 264
p 616 486 659 500
p 652 250 663 496
p 245 123 260 194